image_width: 1920
image_height: 1080
camera_name: head_camera
camera_matrix:
  rows: 3
  cols: 3
  data: [935.025783, 0.000000, 943.098744, 0.000000, 915.932533, 549.929533, 0.000000, 0.000000, 1.000000]
distortion_model: plumb_bob
distortion_coefficients:
  rows: 1
  cols: 5
  data: [-0.055789, 0.063951, 0.003955, 0.016756, 0.000000]
rectification_matrix:
  rows: 3
  cols: 3
  data: [1.000000, 0.000000, 0.000000, 0.000000, 1.000000, 0.000000, 0.000000, 0.000000, 1.000000]
projection_matrix:
  rows: 3
  cols: 4
  data: [969.037354, 0.000000, 987.076338, 0.000000, 0.000000, 972.292786, 555.553481, 0.000000, 0.000000, 0.000000, 1.000000, 0.000000]
